2017-02-11 21:53:09.450723 PST | Populating workers...
2017-02-11 21:53:09.450964 PST | Populated
2017-02-11 21:53:09.451191 PST | Epoch #0 | Training started
2017-02-11 21:53:10.053941 PST | Epoch #0 | Training finished. Time: 0.6025364398956299
2017-02-11 21:53:10.054343 PST | Epoch #0 | Collecting samples for evaluation
2017-02-11 21:53:10.400249 PST | Epoch #0 | Eval time: 0.34586572647094727
2017-02-11 21:53:10.406679 PST | -------------------------  ------------
2017-02-11 21:53:10.407050 PST | Epoch                       0
2017-02-11 21:53:10.407369 PST | AverageReturn              -1
2017-02-11 21:53:10.407691 PST | PolicySurrogateLoss         0.988122
2017-02-11 21:53:10.407996 PST | QfLoss                      0.000141079
2017-02-11 21:53:10.408300 PST | Ys Mean                    -1
2017-02-11 21:53:10.408581 PST | Ys Std                      0
2017-02-11 21:53:10.408874 PST | Ys Max                     -1
2017-02-11 21:53:10.409155 PST | Ys Min                     -1
2017-02-11 21:53:10.409435 PST | PolicyOutput_0 Mean         0.00248754
2017-02-11 21:53:10.409718 PST | PolicyOutput_0 Std          0.00529504
2017-02-11 21:53:10.409998 PST | PolicyOutput_0 Max          0.00778258
2017-02-11 21:53:10.410277 PST | PolicyOutput_0 Min         -0.00280749
2017-02-11 21:53:10.410557 PST | PolicyOutput_1 Mean         0.489404
2017-02-11 21:53:10.410834 PST | PolicyOutput_1 Std          0.498991
2017-02-11 21:53:10.411110 PST | PolicyOutput_1 Max          0.988394
2017-02-11 21:53:10.411387 PST | PolicyOutput_1 Min         -0.00958716
2017-02-11 21:53:10.411675 PST | TargetPolicyOutput_0 Mean   0
2017-02-11 21:53:10.411956 PST | TargetPolicyOutput_0 Std    0
2017-02-11 21:53:10.412235 PST | TargetPolicyOutput_0 Max    0
2017-02-11 21:53:10.412515 PST | TargetPolicyOutput_0 Min    0
2017-02-11 21:53:10.412794 PST | TargetPolicyOutput_1 Mean   0
2017-02-11 21:53:10.413074 PST | TargetPolicyOutput_1 Std    0
2017-02-11 21:53:10.413353 PST | TargetPolicyOutput_1 Max    0
2017-02-11 21:53:10.413630 PST | TargetPolicyOutput_1 Min    0
2017-02-11 21:53:10.413909 PST | QfOutput Mean              -0.988122
2017-02-11 21:53:10.414188 PST | QfOutput Std                1.19209e-07
2017-02-11 21:53:10.414466 PST | QfOutput Max               -0.988122
2017-02-11 21:53:10.414745 PST | QfOutput Min               -0.988122
2017-02-11 21:53:10.415022 PST | TargetQfOutput Mean        -0.04669
2017-02-11 21:53:10.415298 PST | TargetQfOutput Std          7.45058e-09
2017-02-11 21:53:10.415574 PST | TargetQfOutput Max         -0.04669
2017-02-11 21:53:10.415871 PST | TargetQfOutput Min         -0.04669
2017-02-11 21:53:10.416150 PST | Rewards Mean               -1
2017-02-11 21:53:10.416426 PST | Rewards Std                 0
2017-02-11 21:53:10.416704 PST | Rewards Max                -1
2017-02-11 21:53:10.416980 PST | Rewards Min                -1
2017-02-11 21:53:10.417259 PST | Returns Mean               -1
2017-02-11 21:53:10.417536 PST | Returns Std                 0
2017-02-11 21:53:10.417814 PST | Returns Max                -1
2017-02-11 21:53:10.418092 PST | Returns Min                -1
2017-02-11 21:53:10.418369 PST | DiscountedReturns Mean     -1
2017-02-11 21:53:10.418648 PST | DiscountedReturns Std       0
2017-02-11 21:53:10.418926 PST | DiscountedReturns Max      -1
2017-02-11 21:53:10.419203 PST | DiscountedReturns Min      -1
2017-02-11 21:53:10.419480 PST | TrainingReturns Mean       -1
2017-02-11 21:53:10.419792 PST | TrainingReturns Std         0
2017-02-11 21:53:10.420080 PST | TrainingReturns Max        -1
2017-02-11 21:53:10.420345 PST | TrainingReturns Min        -1
2017-02-11 21:53:10.420611 PST | Final P(correct) Mean       0.00778258
2017-02-11 21:53:10.420878 PST | Final P(correct) Std        4.65661e-10
2017-02-11 21:53:10.421144 PST | Final P(correct) Max        0.00778258
2017-02-11 21:53:10.421411 PST | Final P(correct) Min        0.00778258
2017-02-11 21:53:10.421678 PST | Final P(zero) Mean         -0.00280749
2017-02-11 21:53:10.421945 PST | Final P(zero) Std           2.32831e-10
2017-02-11 21:53:10.422211 PST | Final P(zero) Max          -0.00280749
2017-02-11 21:53:10.422487 PST | Final P(zero) Min          -0.00280749
2017-02-11 21:53:10.422759 PST | -------------------------  ------------
2017-02-11 21:53:10.423387 PST | Epoch #1 | Training started
2017-02-11 21:53:11.009527 PST | Epoch #1 | Training finished. Time: 0.5857851505279541
2017-02-11 21:53:11.009968 PST | Epoch #1 | Collecting samples for evaluation
2017-02-11 21:53:11.192538 PST | Epoch #1 | Eval time: 0.18255400657653809
2017-02-11 21:53:11.196105 PST | -------------------------  ------------
2017-02-11 21:53:11.196306 PST | Epoch                       1
2017-02-11 21:53:11.196477 PST | AverageReturn              -1
2017-02-11 21:53:11.196641 PST | PolicySurrogateLoss         0.998407
2017-02-11 21:53:11.196802 PST | QfLoss                      2.53858e-06
2017-02-11 21:53:11.196962 PST | Ys Mean                    -1
2017-02-11 21:53:11.197122 PST | Ys Std                      0
2017-02-11 21:53:11.197282 PST | Ys Max                     -1
2017-02-11 21:53:11.197441 PST | Ys Min                     -1
2017-02-11 21:53:11.197598 PST | PolicyOutput_0 Mean         0.00415988
2017-02-11 21:53:11.197755 PST | PolicyOutput_0 Std          0.013963
2017-02-11 21:53:11.197912 PST | PolicyOutput_0 Max          0.0181229
2017-02-11 21:53:11.198069 PST | PolicyOutput_0 Min         -0.0098031
2017-02-11 21:53:11.198228 PST | PolicyOutput_1 Mean         0.478627
2017-02-11 21:53:11.198386 PST | PolicyOutput_1 Std          0.498791
2017-02-11 21:53:11.198543 PST | PolicyOutput_1 Max          0.977418
2017-02-11 21:53:11.198700 PST | PolicyOutput_1 Min         -0.0201635
2017-02-11 21:53:11.198857 PST | TargetPolicyOutput_0 Mean   0
2017-02-11 21:53:11.199015 PST | TargetPolicyOutput_0 Std    0
2017-02-11 21:53:11.199172 PST | TargetPolicyOutput_0 Max    0
2017-02-11 21:53:11.199329 PST | TargetPolicyOutput_0 Min    0
2017-02-11 21:53:11.199486 PST | TargetPolicyOutput_1 Mean   0
2017-02-11 21:53:11.199648 PST | TargetPolicyOutput_1 Std    0
2017-02-11 21:53:11.199811 PST | TargetPolicyOutput_1 Max    0
2017-02-11 21:53:11.199971 PST | TargetPolicyOutput_1 Min    0
2017-02-11 21:53:11.200129 PST | QfOutput Mean              -0.998407
2017-02-11 21:53:11.200287 PST | QfOutput Std                1.19209e-07
2017-02-11 21:53:11.200446 PST | QfOutput Max               -0.998407
2017-02-11 21:53:11.200605 PST | QfOutput Min               -0.998407
2017-02-11 21:53:11.200763 PST | TargetQfOutput Mean        -0.104603
2017-02-11 21:53:11.200920 PST | TargetQfOutput Std          2.23517e-08
2017-02-11 21:53:11.201078 PST | TargetQfOutput Max         -0.104603
2017-02-11 21:53:11.201235 PST | TargetQfOutput Min         -0.104603
2017-02-11 21:53:11.201394 PST | Rewards Mean               -1
2017-02-11 21:53:11.201551 PST | Rewards Std                 0
2017-02-11 21:53:11.201709 PST | Rewards Max                -1
2017-02-11 21:53:11.201866 PST | Rewards Min                -1
2017-02-11 21:53:11.202022 PST | Returns Mean               -1
2017-02-11 21:53:11.202179 PST | Returns Std                 0
2017-02-11 21:53:11.202337 PST | Returns Max                -1
2017-02-11 21:53:11.202493 PST | Returns Min                -1
2017-02-11 21:53:11.202649 PST | DiscountedReturns Mean     -1
2017-02-11 21:53:11.202807 PST | DiscountedReturns Std       0
2017-02-11 21:53:11.202964 PST | DiscountedReturns Max      -1
2017-02-11 21:53:11.203121 PST | DiscountedReturns Min      -1
2017-02-11 21:53:11.203277 PST | TrainingReturns Mean       -1
2017-02-11 21:53:11.203433 PST | TrainingReturns Std         0
2017-02-11 21:53:11.203590 PST | TrainingReturns Max        -1
2017-02-11 21:53:11.203760 PST | TrainingReturns Min        -1
2017-02-11 21:53:11.203918 PST | Final P(correct) Mean       0.0181229
2017-02-11 21:53:11.204080 PST | Final P(correct) Std        0
2017-02-11 21:53:11.204238 PST | Final P(correct) Max        0.0181229
2017-02-11 21:53:11.204396 PST | Final P(correct) Min        0.0181229
2017-02-11 21:53:11.204554 PST | Final P(zero) Mean         -0.0098031
2017-02-11 21:53:11.204713 PST | Final P(zero) Std           0
2017-02-11 21:53:11.204877 PST | Final P(zero) Max          -0.0098031
2017-02-11 21:53:11.205039 PST | Final P(zero) Min          -0.0098031
2017-02-11 21:53:11.205197 PST | -------------------------  ------------
2017-02-11 21:53:11.205477 PST | Epoch #2 | Training started
2017-02-11 21:53:11.722406 PST | Epoch #2 | Training finished. Time: 0.5167007446289062
2017-02-11 21:53:11.722842 PST | Epoch #2 | Collecting samples for evaluation
2017-02-11 21:53:11.976549 PST | Epoch #2 | Eval time: 0.2536742687225342
2017-02-11 21:53:11.981865 PST | -------------------------  ------------
2017-02-11 21:53:11.982155 PST | Epoch                       2
2017-02-11 21:53:11.982404 PST | AverageReturn              -0.703609
2017-02-11 21:53:11.982664 PST | PolicySurrogateLoss         0.942146
2017-02-11 21:53:11.982901 PST | QfLoss                      0.0569005
2017-02-11 21:53:11.983135 PST | Ys Mean                    -0.703608
2017-02-11 21:53:11.983368 PST | Ys Std                      1.19209e-07
2017-02-11 21:53:11.983602 PST | Ys Max                     -0.703609
2017-02-11 21:53:11.983879 PST | Ys Min                     -0.703609
2017-02-11 21:53:11.984115 PST | PolicyOutput_0 Mean         0.00328377
2017-02-11 21:53:11.984324 PST | PolicyOutput_0 Std          0.0298495
2017-02-11 21:53:11.984517 PST | PolicyOutput_0 Max          0.0331333
2017-02-11 21:53:11.984707 PST | PolicyOutput_0 Min         -0.0265657
2017-02-11 21:53:11.984899 PST | PolicyOutput_1 Mean         0.466149
2017-02-11 21:53:11.985091 PST | PolicyOutput_1 Std          0.500825
2017-02-11 21:53:11.985282 PST | PolicyOutput_1 Max          0.966974
2017-02-11 21:53:11.985474 PST | PolicyOutput_1 Min         -0.0346753
2017-02-11 21:53:11.985666 PST | TargetPolicyOutput_0 Mean   0
2017-02-11 21:53:11.985856 PST | TargetPolicyOutput_0 Std    0
2017-02-11 21:53:11.986047 PST | TargetPolicyOutput_0 Max    0
2017-02-11 21:53:11.986238 PST | TargetPolicyOutput_0 Min    0
2017-02-11 21:53:11.986430 PST | TargetPolicyOutput_1 Mean   0
2017-02-11 21:53:11.986621 PST | TargetPolicyOutput_1 Std    0
2017-02-11 21:53:11.986813 PST | TargetPolicyOutput_1 Max    0
2017-02-11 21:53:11.987003 PST | TargetPolicyOutput_1 Min    0
2017-02-11 21:53:11.987194 PST | QfOutput Mean              -0.942147
2017-02-11 21:53:11.987384 PST | QfOutput Std                5.96046e-08
2017-02-11 21:53:11.987575 PST | QfOutput Max               -0.942147
2017-02-11 21:53:11.987795 PST | QfOutput Min               -0.942147
2017-02-11 21:53:11.987987 PST | TargetQfOutput Mean        -0.132368
2017-02-11 21:53:11.988179 PST | TargetQfOutput Std          0
2017-02-11 21:53:11.988372 PST | TargetQfOutput Max         -0.132368
2017-02-11 21:53:11.988563 PST | TargetQfOutput Min         -0.132368
2017-02-11 21:53:11.988755 PST | Rewards Mean               -0.703609
2017-02-11 21:53:11.988947 PST | Rewards Std                 0
2017-02-11 21:53:11.989139 PST | Rewards Max                -0.703609
2017-02-11 21:53:11.989335 PST | Rewards Min                -0.703609
2017-02-11 21:53:11.989526 PST | Returns Mean               -0.703609
2017-02-11 21:53:11.989718 PST | Returns Std                 0
2017-02-11 21:53:11.989909 PST | Returns Max                -0.703609
2017-02-11 21:53:11.990100 PST | Returns Min                -0.703609
2017-02-11 21:53:11.990292 PST | DiscountedReturns Mean     -0.703609
2017-02-11 21:53:11.990483 PST | DiscountedReturns Std       0
2017-02-11 21:53:11.990675 PST | DiscountedReturns Max      -0.703609
2017-02-11 21:53:11.990865 PST | DiscountedReturns Min      -0.703609
2017-02-11 21:53:11.991057 PST | TrainingReturns Mean       -0.875437
2017-02-11 21:53:11.991247 PST | TrainingReturns Std         0.0845645
2017-02-11 21:53:11.991458 PST | TrainingReturns Max        -0.707631
2017-02-11 21:53:11.991662 PST | TrainingReturns Min        -1
2017-02-11 21:53:11.991861 PST | Final P(correct) Mean       0.0331333
2017-02-11 21:53:11.992052 PST | Final P(correct) Std        3.72529e-09
2017-02-11 21:53:11.992241 PST | Final P(correct) Max        0.0331333
2017-02-11 21:53:11.992438 PST | Final P(correct) Min        0.0331333
2017-02-11 21:53:11.992631 PST | Final P(zero) Mean         -0.0265657
2017-02-11 21:53:11.992822 PST | Final P(zero) Std           0
2017-02-11 21:53:11.993013 PST | Final P(zero) Max          -0.0265657
2017-02-11 21:53:11.993203 PST | Final P(zero) Min          -0.0265657
2017-02-11 21:53:11.993391 PST | -------------------------  ------------
2017-02-11 21:53:11.993734 PST | Epoch #3 | Training started
2017-02-11 21:53:12.601315 PST | Epoch #3 | Training finished. Time: 0.6073331832885742
2017-02-11 21:53:12.601790 PST | Epoch #3 | Collecting samples for evaluation
2017-02-11 21:53:12.853830 PST | Epoch #3 | Eval time: 0.252016544342041
2017-02-11 21:53:12.858577 PST | -------------------------  ------------
2017-02-11 21:53:12.858846 PST | Epoch                       3
2017-02-11 21:53:12.859134 PST | AverageReturn              -0.412397
2017-02-11 21:53:12.859358 PST | PolicySurrogateLoss         0.798272
2017-02-11 21:53:12.859574 PST | QfLoss                      0.1489
2017-02-11 21:53:12.859814 PST | Ys Mean                    -0.412396
2017-02-11 21:53:12.860031 PST | Ys Std                      1.19209e-07
2017-02-11 21:53:12.860246 PST | Ys Max                     -0.412397
2017-02-11 21:53:12.860462 PST | Ys Min                     -0.412397
2017-02-11 21:53:12.860713 PST | PolicyOutput_0 Mean         0.00194646
2017-02-11 21:53:12.860932 PST | PolicyOutput_0 Std          0.0573745
2017-02-11 21:53:12.861146 PST | PolicyOutput_0 Max          0.0593209
2017-02-11 21:53:12.861360 PST | PolicyOutput_0 Min         -0.055428
2017-02-11 21:53:12.861574 PST | PolicyOutput_1 Mean         0.448755
2017-02-11 21:53:12.861791 PST | PolicyOutput_1 Std          0.508178
2017-02-11 21:53:12.862005 PST | PolicyOutput_1 Max          0.956933
2017-02-11 21:53:12.862217 PST | PolicyOutput_1 Min         -0.0594231
2017-02-11 21:53:12.862429 PST | TargetPolicyOutput_0 Mean   0
2017-02-11 21:53:12.862643 PST | TargetPolicyOutput_0 Std    0
2017-02-11 21:53:12.862858 PST | TargetPolicyOutput_0 Max    0
2017-02-11 21:53:12.863070 PST | TargetPolicyOutput_0 Min    0
2017-02-11 21:53:12.863282 PST | TargetPolicyOutput_1 Mean   0
2017-02-11 21:53:12.863493 PST | TargetPolicyOutput_1 Std    0
2017-02-11 21:53:12.863725 PST | TargetPolicyOutput_1 Max    0
2017-02-11 21:53:12.863949 PST | TargetPolicyOutput_1 Min    0
2017-02-11 21:53:12.864162 PST | QfOutput Mean              -0.798272
2017-02-11 21:53:12.864375 PST | QfOutput Std                5.96046e-08
2017-02-11 21:53:12.864589 PST | QfOutput Max               -0.798272
2017-02-11 21:53:12.864802 PST | QfOutput Min               -0.798272
2017-02-11 21:53:12.865013 PST | TargetQfOutput Mean        -0.136059
2017-02-11 21:53:12.865226 PST | TargetQfOutput Std          2.98023e-08
2017-02-11 21:53:12.865438 PST | TargetQfOutput Max         -0.136059
2017-02-11 21:53:12.865654 PST | TargetQfOutput Min         -0.136059
2017-02-11 21:53:12.865865 PST | Rewards Mean               -0.412397
2017-02-11 21:53:12.866076 PST | Rewards Std                 0
2017-02-11 21:53:12.866287 PST | Rewards Max                -0.412397
2017-02-11 21:53:12.866499 PST | Rewards Min                -0.412397
2017-02-11 21:53:12.866710 PST | Returns Mean               -0.412397
2017-02-11 21:53:12.866920 PST | Returns Std                 0
2017-02-11 21:53:12.867132 PST | Returns Max                -0.412397
2017-02-11 21:53:12.867342 PST | Returns Min                -0.412397
2017-02-11 21:53:12.867554 PST | DiscountedReturns Mean     -0.412397
2017-02-11 21:53:12.867785 PST | DiscountedReturns Std       0
2017-02-11 21:53:12.868007 PST | DiscountedReturns Max      -0.412397
2017-02-11 21:53:12.868210 PST | DiscountedReturns Min      -0.412397
2017-02-11 21:53:12.868412 PST | TrainingReturns Mean       -0.542254
2017-02-11 21:53:12.868614 PST | TrainingReturns Std         0.0839172
2017-02-11 21:53:12.868817 PST | TrainingReturns Max        -0.414437
2017-02-11 21:53:12.869019 PST | TrainingReturns Min        -0.703609
2017-02-11 21:53:12.869230 PST | Final P(correct) Mean       0.0593209
2017-02-11 21:53:12.869438 PST | Final P(correct) Std        0
2017-02-11 21:53:12.869650 PST | Final P(correct) Max        0.0593209
2017-02-11 21:53:12.869851 PST | Final P(correct) Min        0.0593209
2017-02-11 21:53:12.870053 PST | Final P(zero) Mean         -0.055428
2017-02-11 21:53:12.870254 PST | Final P(zero) Std           7.45058e-09
2017-02-11 21:53:12.870457 PST | Final P(zero) Max          -0.055428
2017-02-11 21:53:12.870660 PST | Final P(zero) Min          -0.055428
2017-02-11 21:53:12.870863 PST | -------------------------  ------------
2017-02-11 21:53:12.871228 PST | Epoch #4 | Training started
2017-02-11 21:53:13.496642 PST | Epoch #4 | Training finished. Time: 0.6251671314239502
2017-02-11 21:53:13.496964 PST | Epoch #4 | Collecting samples for evaluation
2017-02-11 21:53:13.765822 PST | Epoch #4 | Eval time: 0.2688138484954834
2017-02-11 21:53:13.772153 PST | -------------------------  ------------
2017-02-11 21:53:13.772491 PST | Epoch                       4
2017-02-11 21:53:13.772778 PST | AverageReturn              -0.247269
2017-02-11 21:53:13.773055 PST | PolicySurrogateLoss         0.604013
2017-02-11 21:53:13.773329 PST | QfLoss                      0.127266
2017-02-11 21:53:13.773599 PST | Ys Mean                    -0.247269
2017-02-11 21:53:13.773869 PST | Ys Std                      5.96046e-08
2017-02-11 21:53:13.774137 PST | Ys Max                     -0.247269
2017-02-11 21:53:13.774406 PST | Ys Min                     -0.247269
2017-02-11 21:53:13.774673 PST | PolicyOutput_0 Mean         0.00154215
2017-02-11 21:53:13.774940 PST | PolicyOutput_0 Std          0.0809924
2017-02-11 21:53:13.775208 PST | PolicyOutput_0 Max          0.0825345
2017-02-11 21:53:13.775473 PST | PolicyOutput_0 Min         -0.0794502
2017-02-11 21:53:13.775792 PST | PolicyOutput_1 Mean         0.43241
2017-02-11 21:53:13.776068 PST | PolicyOutput_1 Std          0.514417
2017-02-11 21:53:13.776340 PST | PolicyOutput_1 Max          0.946828
2017-02-11 21:53:13.776607 PST | PolicyOutput_1 Min         -0.0820069
2017-02-11 21:53:13.776875 PST | TargetPolicyOutput_0 Mean   0
2017-02-11 21:53:13.777144 PST | TargetPolicyOutput_0 Std    0
2017-02-11 21:53:13.777414 PST | TargetPolicyOutput_0 Max    0
2017-02-11 21:53:13.777680 PST | TargetPolicyOutput_0 Min    0
2017-02-11 21:53:13.777947 PST | TargetPolicyOutput_1 Mean   0
2017-02-11 21:53:13.778213 PST | TargetPolicyOutput_1 Std    0
2017-02-11 21:53:13.778479 PST | TargetPolicyOutput_1 Max    0
2017-02-11 21:53:13.778745 PST | TargetPolicyOutput_1 Min    0
2017-02-11 21:53:13.779012 PST | QfOutput Mean              -0.604013
2017-02-11 21:53:13.779292 PST | QfOutput Std                1.19209e-07
2017-02-11 21:53:13.779560 PST | QfOutput Max               -0.604013
2017-02-11 21:53:13.779871 PST | QfOutput Min               -0.604013
2017-02-11 21:53:13.780162 PST | TargetQfOutput Mean        -0.125335
2017-02-11 21:53:13.780419 PST | TargetQfOutput Std          1.49012e-08
2017-02-11 21:53:13.780678 PST | TargetQfOutput Max         -0.125336
2017-02-11 21:53:13.780934 PST | TargetQfOutput Min         -0.125336
2017-02-11 21:53:13.781210 PST | Rewards Mean               -0.247269
2017-02-11 21:53:13.781463 PST | Rewards Std                 0
2017-02-11 21:53:13.781716 PST | Rewards Max                -0.247269
2017-02-11 21:53:13.781969 PST | Rewards Min                -0.247269
2017-02-11 21:53:13.782222 PST | Returns Mean               -0.247269
2017-02-11 21:53:13.782475 PST | Returns Std                 0
2017-02-11 21:53:13.782730 PST | Returns Max                -0.247269
2017-02-11 21:53:13.782982 PST | Returns Min                -0.247269
2017-02-11 21:53:13.783235 PST | DiscountedReturns Mean     -0.247269
2017-02-11 21:53:13.783485 PST | DiscountedReturns Std       0
2017-02-11 21:53:13.783789 PST | DiscountedReturns Max      -0.247269
2017-02-11 21:53:13.784044 PST | DiscountedReturns Min      -0.247269
2017-02-11 21:53:13.784298 PST | TrainingReturns Mean       -0.32542
2017-02-11 21:53:13.784559 PST | TrainingReturns Std         0.0474385
2017-02-11 21:53:13.784817 PST | TrainingReturns Max        -0.248661
2017-02-11 21:53:13.785071 PST | TrainingReturns Min        -0.412397
2017-02-11 21:53:13.785322 PST | Final P(correct) Mean       0.0825345
2017-02-11 21:53:13.785574 PST | Final P(correct) Std        2.23517e-08
2017-02-11 21:53:13.785827 PST | Final P(correct) Max        0.0825345
2017-02-11 21:53:13.786080 PST | Final P(correct) Min        0.0825345
2017-02-11 21:53:13.786333 PST | Final P(zero) Mean         -0.0794502
2017-02-11 21:53:13.786585 PST | Final P(zero) Std           0
2017-02-11 21:53:13.786838 PST | Final P(zero) Max          -0.0794502
2017-02-11 21:53:13.787088 PST | Final P(zero) Min          -0.0794502
2017-02-11 21:53:13.787340 PST | -------------------------  ------------
2017-02-11 21:53:13.787817 PST | Epoch #5 | Training started
2017-02-11 21:53:14.416067 PST | Epoch #5 | Training finished. Time: 0.6279325485229492
2017-02-11 21:53:14.416537 PST | Epoch #5 | Collecting samples for evaluation
2017-02-11 21:53:14.695782 PST | Epoch #5 | Eval time: 0.27921557426452637
2017-02-11 21:53:14.701139 PST | -------------------------  ------------
2017-02-11 21:53:14.701446 PST | Epoch                       5
2017-02-11 21:53:14.701709 PST | AverageReturn              -0.124052
2017-02-11 21:53:14.701962 PST | PolicySurrogateLoss         0.296834
2017-02-11 21:53:14.702210 PST | QfLoss                      0.0298534
2017-02-11 21:53:14.702458 PST | Ys Mean                    -0.124052
2017-02-11 21:53:14.702702 PST | Ys Std                      7.45058e-09
2017-02-11 21:53:14.702948 PST | Ys Max                     -0.124052
2017-02-11 21:53:14.703191 PST | Ys Min                     -0.124052
2017-02-11 21:53:14.703437 PST | PolicyOutput_0 Mean         0.00136122
2017-02-11 21:53:14.703698 PST | PolicyOutput_0 Std          0.104238
2017-02-11 21:53:14.703947 PST | PolicyOutput_0 Max          0.105599
2017-02-11 21:53:14.704194 PST | PolicyOutput_0 Min         -0.102877
2017-02-11 21:53:14.704440 PST | PolicyOutput_1 Mean         0.415179
2017-02-11 21:53:14.704684 PST | PolicyOutput_1 Std          0.519954
2017-02-11 21:53:14.704929 PST | PolicyOutput_1 Max          0.935133
2017-02-11 21:53:14.705172 PST | PolicyOutput_1 Min         -0.104775
2017-02-11 21:53:14.705413 PST | TargetPolicyOutput_0 Mean   0
2017-02-11 21:53:14.705656 PST | TargetPolicyOutput_0 Std    0
2017-02-11 21:53:14.705899 PST | TargetPolicyOutput_0 Max    0
2017-02-11 21:53:14.706141 PST | TargetPolicyOutput_0 Min    0
2017-02-11 21:53:14.706383 PST | TargetPolicyOutput_1 Mean   0
2017-02-11 21:53:14.706624 PST | TargetPolicyOutput_1 Std    0
2017-02-11 21:53:14.706867 PST | TargetPolicyOutput_1 Max    0
2017-02-11 21:53:14.707110 PST | TargetPolicyOutput_1 Min    0
2017-02-11 21:53:14.707353 PST | QfOutput Mean              -0.296834
2017-02-11 21:53:14.707609 PST | QfOutput Std                2.98023e-08
2017-02-11 21:53:14.707868 PST | QfOutput Max               -0.296834
2017-02-11 21:53:14.708113 PST | QfOutput Min               -0.296834
2017-02-11 21:53:14.708344 PST | TargetQfOutput Mean        -0.108883
2017-02-11 21:53:14.708575 PST | TargetQfOutput Std          2.23517e-08
2017-02-11 21:53:14.708804 PST | TargetQfOutput Max         -0.108883
2017-02-11 21:53:14.709035 PST | TargetQfOutput Min         -0.108883
2017-02-11 21:53:14.709264 PST | Rewards Mean               -0.124052
2017-02-11 21:53:14.709493 PST | Rewards Std                 0
2017-02-11 21:53:14.709723 PST | Rewards Max                -0.124052
2017-02-11 21:53:14.709956 PST | Rewards Min                -0.124052
2017-02-11 21:53:14.710186 PST | Returns Mean               -0.124052
2017-02-11 21:53:14.710415 PST | Returns Std                 0
2017-02-11 21:53:14.710645 PST | Returns Max                -0.124052
2017-02-11 21:53:14.710875 PST | Returns Min                -0.124052
2017-02-11 21:53:14.711104 PST | DiscountedReturns Mean     -0.124052
2017-02-11 21:53:14.711333 PST | DiscountedReturns Std       0
2017-02-11 21:53:14.711563 PST | DiscountedReturns Max      -0.124052
2017-02-11 21:53:14.711819 PST | DiscountedReturns Min      -0.124052
2017-02-11 21:53:14.712056 PST | TrainingReturns Mean       -0.183459
2017-02-11 21:53:14.712287 PST | TrainingReturns Std         0.0357594
2017-02-11 21:53:14.712517 PST | TrainingReturns Max        -0.125116
2017-02-11 21:53:14.712747 PST | TrainingReturns Min        -0.247269
2017-02-11 21:53:14.712976 PST | Final P(correct) Mean       0.105599
2017-02-11 21:53:14.713206 PST | Final P(correct) Std        7.45058e-09
2017-02-11 21:53:14.713437 PST | Final P(correct) Max        0.105599
2017-02-11 21:53:14.713664 PST | Final P(correct) Min        0.105599
2017-02-11 21:53:14.713893 PST | Final P(zero) Mean         -0.102877
2017-02-11 21:53:14.714124 PST | Final P(zero) Std           0
2017-02-11 21:53:14.714355 PST | Final P(zero) Max          -0.102877
2017-02-11 21:53:14.714586 PST | Final P(zero) Min          -0.102877
2017-02-11 21:53:14.714817 PST | -------------------------  ------------
2017-02-11 21:53:14.715227 PST | Epoch #6 | Training started
2017-02-11 21:53:15.263949 PST | Epoch #6 | Training finished. Time: 0.548436164855957
2017-02-11 21:53:15.264339 PST | Epoch #6 | Collecting samples for evaluation
2017-02-11 21:53:15.477798 PST | Epoch #6 | Eval time: 0.21344208717346191
2017-02-11 21:53:15.481506 PST | -------------------------  ------------
2017-02-11 21:53:15.481717 PST | Epoch                       6
2017-02-11 21:53:15.481901 PST | AverageReturn              -0.0562112
2017-02-11 21:53:15.482072 PST | PolicySurrogateLoss         0.0696484
2017-02-11 21:53:15.482240 PST | QfLoss                      0.000180557
2017-02-11 21:53:15.482407 PST | Ys Mean                    -0.0562112
2017-02-11 21:53:15.482572 PST | Ys Std                      1.11759e-08
2017-02-11 21:53:15.482739 PST | Ys Max                     -0.0562112
2017-02-11 21:53:15.482905 PST | Ys Min                     -0.0562112
2017-02-11 21:53:15.483087 PST | PolicyOutput_0 Mean         0.0012431
2017-02-11 21:53:15.483252 PST | PolicyOutput_0 Std          0.119702
2017-02-11 21:53:15.483447 PST | PolicyOutput_0 Max          0.120945
2017-02-11 21:53:15.483612 PST | PolicyOutput_0 Min         -0.118458
2017-02-11 21:53:15.483797 PST | PolicyOutput_1 Mean         0.403176
2017-02-11 21:53:15.483962 PST | PolicyOutput_1 Std          0.52297
2017-02-11 21:53:15.484126 PST | PolicyOutput_1 Max          0.926146
2017-02-11 21:53:15.484289 PST | PolicyOutput_1 Min         -0.119793
2017-02-11 21:53:15.484451 PST | TargetPolicyOutput_0 Mean   0
2017-02-11 21:53:15.484616 PST | TargetPolicyOutput_0 Std    0
2017-02-11 21:53:15.484779 PST | TargetPolicyOutput_0 Max    0
2017-02-11 21:53:15.484942 PST | TargetPolicyOutput_0 Min    0
2017-02-11 21:53:15.485104 PST | TargetPolicyOutput_1 Mean   0
2017-02-11 21:53:15.485267 PST | TargetPolicyOutput_1 Std    0
2017-02-11 21:53:15.485430 PST | TargetPolicyOutput_1 Max    0
2017-02-11 21:53:15.485593 PST | TargetPolicyOutput_1 Min    0
2017-02-11 21:53:15.485754 PST | QfOutput Mean              -0.0696484
2017-02-11 21:53:15.485918 PST | QfOutput Std                7.45058e-09
2017-02-11 21:53:15.486080 PST | QfOutput Max               -0.0696484
2017-02-11 21:53:15.486242 PST | QfOutput Min               -0.0696484
2017-02-11 21:53:15.486404 PST | TargetQfOutput Mean        -0.0970748
2017-02-11 21:53:15.486566 PST | TargetQfOutput Std          1.49012e-08
2017-02-11 21:53:15.486728 PST | TargetQfOutput Max         -0.0970748
2017-02-11 21:53:15.486889 PST | TargetQfOutput Min         -0.0970748
2017-02-11 21:53:15.487050 PST | Rewards Mean               -0.0562112
2017-02-11 21:53:15.487213 PST | Rewards Std                 0
2017-02-11 21:53:15.487376 PST | Rewards Max                -0.0562112
2017-02-11 21:53:15.487538 PST | Rewards Min                -0.0562112
2017-02-11 21:53:15.487731 PST | Returns Mean               -0.0562112
2017-02-11 21:53:15.487897 PST | Returns Std                 0
2017-02-11 21:53:15.488069 PST | Returns Max                -0.0562112
2017-02-11 21:53:15.488236 PST | Returns Min                -0.0562112
2017-02-11 21:53:15.488398 PST | DiscountedReturns Mean     -0.0562112
2017-02-11 21:53:15.488556 PST | DiscountedReturns Std       0
2017-02-11 21:53:15.488716 PST | DiscountedReturns Max      -0.0562112
2017-02-11 21:53:15.488875 PST | DiscountedReturns Min      -0.0562112
2017-02-11 21:53:15.489033 PST | TrainingReturns Mean       -0.0832745
2017-02-11 21:53:15.489190 PST | TrainingReturns Std         0.02003
2017-02-11 21:53:15.489348 PST | TrainingReturns Max        -0.0564978
2017-02-11 21:53:15.489507 PST | TrainingReturns Min        -0.124052
2017-02-11 21:53:15.489666 PST | Final P(correct) Mean       0.120945
2017-02-11 21:53:15.489825 PST | Final P(correct) Std        7.45058e-09
2017-02-11 21:53:15.489984 PST | Final P(correct) Max        0.120945
2017-02-11 21:53:15.490142 PST | Final P(correct) Min        0.120945
2017-02-11 21:53:15.490301 PST | Final P(zero) Mean         -0.118458
2017-02-11 21:53:15.490459 PST | Final P(zero) Std           7.45058e-09
2017-02-11 21:53:15.490618 PST | Final P(zero) Max          -0.118458
2017-02-11 21:53:15.490778 PST | Final P(zero) Min          -0.118458
2017-02-11 21:53:15.490942 PST | -------------------------  ------------
2017-02-11 21:53:15.491238 PST | Epoch #7 | Training started
2017-02-11 21:53:16.061265 PST | Epoch #7 | Training finished. Time: 0.5698075294494629
2017-02-11 21:53:16.061785 PST | Epoch #7 | Collecting samples for evaluation
2017-02-11 21:53:16.297794 PST | Epoch #7 | Eval time: 0.2359769344329834
2017-02-11 21:53:16.304197 PST | -------------------------  ------------
2017-02-11 21:53:16.304550 PST | Epoch                       7
2017-02-11 21:53:16.304849 PST | AverageReturn              -0.0332793
2017-02-11 21:53:16.305140 PST | PolicySurrogateLoss         0.0484096
2017-02-11 21:53:16.305425 PST | QfLoss                      0.000228926
2017-02-11 21:53:16.305705 PST | Ys Mean                    -0.0332793
2017-02-11 21:53:16.305986 PST | Ys Std                      3.72529e-09
2017-02-11 21:53:16.306264 PST | Ys Max                     -0.0332793
2017-02-11 21:53:16.306541 PST | Ys Min                     -0.0332793
2017-02-11 21:53:16.306820 PST | PolicyOutput_0 Mean         0.00121985
2017-02-11 21:53:16.307096 PST | PolicyOutput_0 Std          0.125401
2017-02-11 21:53:16.307374 PST | PolicyOutput_0 Max          0.126621
2017-02-11 21:53:16.307663 PST | PolicyOutput_0 Min         -0.124181
2017-02-11 21:53:16.307948 PST | PolicyOutput_1 Mean         0.398414
2017-02-11 21:53:16.308226 PST | PolicyOutput_1 Std          0.523455
2017-02-11 21:53:16.308505 PST | PolicyOutput_1 Max          0.921869
2017-02-11 21:53:16.308782 PST | PolicyOutput_1 Min         -0.125041
2017-02-11 21:53:16.309060 PST | TargetPolicyOutput_0 Mean   0
2017-02-11 21:53:16.309337 PST | TargetPolicyOutput_0 Std    0
2017-02-11 21:53:16.309614 PST | TargetPolicyOutput_0 Max    0
2017-02-11 21:53:16.309891 PST | TargetPolicyOutput_0 Min    0
2017-02-11 21:53:16.310168 PST | TargetPolicyOutput_1 Mean   0
2017-02-11 21:53:16.310445 PST | TargetPolicyOutput_1 Std    0
2017-02-11 21:53:16.310722 PST | TargetPolicyOutput_1 Max    0
2017-02-11 21:53:16.310999 PST | TargetPolicyOutput_1 Min    0
2017-02-11 21:53:16.311277 PST | QfOutput Mean              -0.0484096
2017-02-11 21:53:16.311555 PST | QfOutput Std                3.72529e-09
2017-02-11 21:53:16.311884 PST | QfOutput Max               -0.0484096
2017-02-11 21:53:16.312170 PST | QfOutput Min               -0.0484096
2017-02-11 21:53:16.312438 PST | TargetQfOutput Mean        -0.0888433
2017-02-11 21:53:16.312706 PST | TargetQfOutput Std          7.45058e-09
2017-02-11 21:53:16.312972 PST | TargetQfOutput Max         -0.0888433
2017-02-11 21:53:16.313239 PST | TargetQfOutput Min         -0.0888433
2017-02-11 21:53:16.313504 PST | Rewards Mean               -0.0332793
2017-02-11 21:53:16.313769 PST | Rewards Std                 0
2017-02-11 21:53:16.314035 PST | Rewards Max                -0.0332793
2017-02-11 21:53:16.314302 PST | Rewards Min                -0.0332793
2017-02-11 21:53:16.314577 PST | Returns Mean               -0.0332793
2017-02-11 21:53:16.314847 PST | Returns Std                 0
2017-02-11 21:53:16.315114 PST | Returns Max                -0.0332793
2017-02-11 21:53:16.315380 PST | Returns Min                -0.0332793
2017-02-11 21:53:16.315654 PST | DiscountedReturns Mean     -0.0332793
2017-02-11 21:53:16.315926 PST | DiscountedReturns Std       0
2017-02-11 21:53:16.316192 PST | DiscountedReturns Max      -0.0332793
2017-02-11 21:53:16.316457 PST | DiscountedReturns Min      -0.0332793
2017-02-11 21:53:16.316722 PST | TrainingReturns Mean       -0.044607
2017-02-11 21:53:16.316987 PST | TrainingReturns Std         0.00656064
2017-02-11 21:53:16.317252 PST | TrainingReturns Max        -0.0334725
2017-02-11 21:53:16.317517 PST | TrainingReturns Min        -0.0562112
2017-02-11 21:53:16.317782 PST | Final P(correct) Mean       0.126621
2017-02-11 21:53:16.318046 PST | Final P(correct) Std        0
2017-02-11 21:53:16.318312 PST | Final P(correct) Max        0.126621
2017-02-11 21:53:16.318579 PST | Final P(correct) Min        0.126621
2017-02-11 21:53:16.318844 PST | Final P(zero) Mean         -0.124181
2017-02-11 21:53:16.319110 PST | Final P(zero) Std           2.98023e-08
2017-02-11 21:53:16.319376 PST | Final P(zero) Max          -0.124181
2017-02-11 21:53:16.319653 PST | Final P(zero) Min          -0.124181
2017-02-11 21:53:16.319924 PST | -------------------------  ------------
2017-02-11 21:53:16.320403 PST | Epoch #8 | Training started
2017-02-11 21:53:16.936783 PST | Epoch #8 | Training finished. Time: 0.6160459518432617
2017-02-11 21:53:16.937357 PST | Epoch #8 | Collecting samples for evaluation
2017-02-11 21:53:17.214946 PST | Epoch #8 | Eval time: 0.2775585651397705
2017-02-11 21:53:17.221321 PST | -------------------------  ------------
2017-02-11 21:53:17.221677 PST | Epoch                       8
2017-02-11 21:53:17.221978 PST | AverageReturn              -0.0241603
2017-02-11 21:53:17.222269 PST | PolicySurrogateLoss         0.0369764
2017-02-11 21:53:17.222555 PST | QfLoss                      0.000164253
2017-02-11 21:53:17.222839 PST | Ys Mean                    -0.0241603
2017-02-11 21:53:17.223118 PST | Ys Std                      5.58794e-09
2017-02-11 21:53:17.223397 PST | Ys Max                     -0.0241603
2017-02-11 21:53:17.223697 PST | Ys Min                     -0.0241603
2017-02-11 21:53:17.223981 PST | PolicyOutput_0 Mean         0.00122063
2017-02-11 21:53:17.224263 PST | PolicyOutput_0 Std          0.127731
2017-02-11 21:53:17.224547 PST | PolicyOutput_0 Max          0.128951
2017-02-11 21:53:17.224826 PST | PolicyOutput_0 Min         -0.12651
2017-02-11 21:53:17.225106 PST | PolicyOutput_1 Mean         0.396326
2017-02-11 21:53:17.225383 PST | PolicyOutput_1 Std          0.523555
2017-02-11 21:53:17.225661 PST | PolicyOutput_1 Max          0.919881
2017-02-11 21:53:17.225942 PST | PolicyOutput_1 Min         -0.127229
2017-02-11 21:53:17.226220 PST | TargetPolicyOutput_0 Mean   0
2017-02-11 21:53:17.226500 PST | TargetPolicyOutput_0 Std    0
2017-02-11 21:53:17.226780 PST | TargetPolicyOutput_0 Max    0
2017-02-11 21:53:17.227059 PST | TargetPolicyOutput_0 Min    0
2017-02-11 21:53:17.227337 PST | TargetPolicyOutput_1 Mean   0
2017-02-11 21:53:17.227617 PST | TargetPolicyOutput_1 Std    0
2017-02-11 21:53:17.227914 PST | TargetPolicyOutput_1 Max    0
2017-02-11 21:53:17.228201 PST | TargetPolicyOutput_1 Min    0
2017-02-11 21:53:17.228484 PST | QfOutput Mean              -0.0369764
2017-02-11 21:53:17.228769 PST | QfOutput Std                3.72529e-09
2017-02-11 21:53:17.229047 PST | QfOutput Max               -0.0369764
2017-02-11 21:53:17.229327 PST | QfOutput Min               -0.0369764
2017-02-11 21:53:17.229606 PST | TargetQfOutput Mean        -0.0827954
2017-02-11 21:53:17.229889 PST | TargetQfOutput Std          1.49012e-08
2017-02-11 21:53:17.230172 PST | TargetQfOutput Max         -0.0827955
2017-02-11 21:53:17.230451 PST | TargetQfOutput Min         -0.0827955
2017-02-11 21:53:17.230732 PST | Rewards Mean               -0.0241603
2017-02-11 21:53:17.231023 PST | Rewards Std                 0
2017-02-11 21:53:17.231312 PST | Rewards Max                -0.0241603
2017-02-11 21:53:17.231593 PST | Rewards Min                -0.0241603
2017-02-11 21:53:17.231904 PST | Returns Mean               -0.0241603
2017-02-11 21:53:17.232174 PST | Returns Std                 0
2017-02-11 21:53:17.232441 PST | Returns Max                -0.0241603
2017-02-11 21:53:17.232708 PST | Returns Min                -0.0241603
2017-02-11 21:53:17.232976 PST | DiscountedReturns Mean     -0.0241603
2017-02-11 21:53:17.233243 PST | DiscountedReturns Std       0
2017-02-11 21:53:17.233509 PST | DiscountedReturns Max      -0.0241603
2017-02-11 21:53:17.233777 PST | DiscountedReturns Min      -0.0241603
2017-02-11 21:53:17.234044 PST | TrainingReturns Mean       -0.0276202
2017-02-11 21:53:17.234311 PST | TrainingReturns Std         0.00243758
2017-02-11 21:53:17.234578 PST | TrainingReturns Max        -0.0242189
2017-02-11 21:53:17.234844 PST | TrainingReturns Min        -0.0332793
2017-02-11 21:53:17.235109 PST | Final P(correct) Mean       0.128951
2017-02-11 21:53:17.235375 PST | Final P(correct) Std        0
2017-02-11 21:53:17.235650 PST | Final P(correct) Max        0.128951
2017-02-11 21:53:17.235923 PST | Final P(correct) Min        0.128951
2017-02-11 21:53:17.236190 PST | Final P(zero) Mean         -0.12651
2017-02-11 21:53:17.236456 PST | Final P(zero) Std           2.98023e-08
2017-02-11 21:53:17.236722 PST | Final P(zero) Max          -0.12651
2017-02-11 21:53:17.236989 PST | Final P(zero) Min          -0.12651
2017-02-11 21:53:17.237255 PST | -------------------------  ------------
2017-02-11 21:53:17.237745 PST | Epoch #9 | Training started
2017-02-11 21:53:17.886512 PST | Epoch #9 | Training finished. Time: 0.6484484672546387
2017-02-11 21:53:17.886880 PST | Epoch #9 | Collecting samples for evaluation
2017-02-11 21:53:18.150111 PST | Epoch #9 | Eval time: 0.2631974220275879
2017-02-11 21:53:18.155613 PST | -------------------------  ------------
2017-02-11 21:53:18.155949 PST | Epoch                       9
2017-02-11 21:53:18.156222 PST | AverageReturn              -0.0181251
2017-02-11 21:53:18.156485 PST | PolicySurrogateLoss         0.0264388
2017-02-11 21:53:18.156744 PST | QfLoss                      6.91192e-05
2017-02-11 21:53:18.157004 PST | Ys Mean                    -0.0181251
2017-02-11 21:53:18.157272 PST | Ys Std                      0
2017-02-11 21:53:18.157530 PST | Ys Max                     -0.0181251
2017-02-11 21:53:18.157785 PST | Ys Min                     -0.0181251
2017-02-11 21:53:18.158045 PST | PolicyOutput_0 Mean         0.00119595
2017-02-11 21:53:18.158302 PST | PolicyOutput_0 Std          0.129321
2017-02-11 21:53:18.158557 PST | PolicyOutput_0 Max          0.130517
2017-02-11 21:53:18.158812 PST | PolicyOutput_0 Min         -0.128125
2017-02-11 21:53:18.159066 PST | PolicyOutput_1 Mean         0.394872
2017-02-11 21:53:18.159321 PST | PolicyOutput_1 Std          0.523628
2017-02-11 21:53:18.159573 PST | PolicyOutput_1 Max          0.9185
